ENTRADAS PARA DIJKSTRA
======================================================================
Mensaje: 0 17 34 51 68 85 102 119 136 153 170 187 204 221 238 255
Clave: 0 1 2 3 4 5 6 7 8 9 10 11 12 13 14 15

PRUEBAS EN CLASES:

Mensaje: 0 1 2 3 4 5 6 7 8 9 10 11 12 13 14 15
Clave: 0 0 0 0 0 0 0 0 0 0 0 0 0 0 0 0
======================================================================
Mensaje: 87 76 113 112 64 23 215 98 190 94 151 71 231 224 204 142
Clve: 

Mensaje1:232 177 27 234 74 101 154 126 34 79 146 75 218 141 114 57
Mwensaje2:218 71 81 116 154 29 69 201 43 17 67 34 229 16 54 101
Vector:0 0 0 0 0 0 0 0 0 0 0 0 0 0 0 0
Clave:199 56 225 131 68 86 249 21 243 126 32 141 144 52 27 43